approach right_arm 8 1.49192 -1.10946 -2.0374 0.3072 -2.67747 0.854171 -3.20716 0.024 left_arm 8 -1.28035 -1.49959 1.59444 0.743494 2.56105 1.31973 -1.06129 0.024 
prepare right_arm 8 1.54975 -1.09894 -2.08822 0.211612 -2.59793 0.758478 -3.21549 0.024 left_arm 8 -1.5124 -1.73519 1.61052 0.383568 2.72699 1.31824 -2.52043 0.024 
grip right_arm 8 1.54975 -1.09894 -2.08823 0.211604 -2.59793 0.758482 -3.21549 0.0082 left_arm 8 -1.56705 -1.73515 1.61759 0.291115 2.72536 1.31831 -2.52043 0.0082 
depart right_arm 8 1.61097 -1.09864 -1.95791 0.311219 -2.58993 0.945083 -3.21549 0.0082 left_arm 8 -1.56957 -1.73515 1.61839 0.281706 2.72539 1.31831 -2.52043 0.0082 
approach right_arm 8 1.80617 -1.18807 -2.11191 0.25911 -2.62858 1.01688 -3.07935 0.0082 left_arm 8 -1.2324 -1.76452 1.57915 0.642944 2.72814 1.31832 -2.52042 0.0082 
prepare right_arm 8 1.8424 -1.19254 -2.13976 0.222988 -2.62694 1.03013 -3.07955 0.0082 left_arm 8 -1.27091 -2.08553 1.88961 0.674773 3.21306 1.33001 -2.52043 0.0082 
release right_arm 8 1.8424 -1.19254 -2.13976 0.22295 -2.62696 1.03015 -3.07955 0.02 left_arm 8 -1.43821 -2.35445 1.89163 0.423071 3.46049 1.33006 -2.52043 0.02 
depart right_arm 8 1.76742 -1.01824 -1.96565 0.338321 -2.45487 1.05536 -3.07957 0.02 left_arm 8 -1.6046 -2.33886 1.68818 0.358967 3.31551 1.45935 -2.46992 0.02 
approach right_arm 8 1.55244 -0.990085 -2.06324 0.197324 -2.4575 0.672752 -3.33141 0.02 left_arm 8 -1.60367 -2.33987 1.67653 0.342357 3.30553 1.41537 -2.43923 0.02 
approach right_arm 8 1.71491 -0.99202 -2.25793 0.226174 -2.08017 0.687297 -3.30205 0.02 left_arm 8 -1.60673 -2.33988 1.68001 0.328097 3.31574 1.41541 -2.43923 0.02 
prepare right_arm 8 1.64692 -1.16964 -2.24195 0.313516 -2.78675 0.919075 -2.95001 0.02 left_arm 8 -1.30611 -2.35914 1.95895 0.626716 3.33173 1.41546 -2.43924 0.02 
grip right_arm 8 1.64693 -1.16964 -2.24195 0.313513 -2.78675 0.919079 -2.95001 0.008 left_arm 8 -1.38238 -2.11495 1.62264 0.57932 3.11212 1.41867 -2.42722 0.008 
depart right_arm 8 1.61119 -1.08115 -2.1479 0.524485 -2.7864 0.930068 -2.93837 0.008 left_arm 8 -1.3832 -2.11496 1.63435 0.414575 3.11791 1.17049 -2.35995 0.008 
approach right_arm 8 1.79956 -1.12921 -2.20909 0.407355 -2.63606 1.05905 -2.94921 0.008 left_arm 8 -1.3832 -2.11496 1.63435 0.414567 3.11791 1.1705 -2.35995 0.008 
prepare right_arm 8 1.82721 -1.13123 -2.25206 0.384593 -2.69929 1.05801 -2.89001 0.008 left_arm 8 -1.00597 -2.11498 1.78326 0.800203 3.11726 1.25522 -2.31418 0.008 
release right_arm 8 1.8272 -1.13122 -2.25206 0.384545 -2.6993 1.05805 -2.89002 0.02 left_arm 8 -0.961361 -2.36826 2.07359 0.798748 3.51352 1.26972 -2.31418 0.02 
depart right_arm 8 1.72457 -0.894683 -2.0013 0.556241 -2.45416 1.12284 -2.89001 0.02 left_arm 8 -1.46195 -2.23386 1.91081 0.633391 3.27665 1.58858 -2.58948 0.02 
approach right_arm 8 1.53405 -0.887543 -2.04045 0.3158 -2.65885 0.766523 -3.12318 0.02 left_arm 8 -1.66278 -2.07743 1.71418 0.508733 3.01338 1.70085 -2.57434 0.02 
prepare right_arm 8 1.53829 -1.0943 -2.21638 0.309961 -2.83966 0.797003 -2.95703 0.02 left_arm 8 -1.63606 -2.11643 1.72847 0.507277 3.06953 1.64601 -2.58359 0.02 
grip right_arm 8 1.53946 -1.0943 -2.2163 0.308744 -2.83967 0.792911 -2.95704 0.0082 left_arm 8 -1.63606 -2.11643 1.72851 0.492585 3.06949 1.64602 -2.58359 0.0082 
depart right_arm 8 1.55614 -1.04678 -1.99011 0.522786 -2.78316 0.983132 -2.95705 0.0082 left_arm 8 -1.4536 -2.08649 1.92656 0.6726 3.07146 1.64604 -2.5836 0.0082 
approach right_arm 8 1.69248 -1.1339 -2.19395 0.55505 -3.10019 1.17556 -2.73767 0.0082 left_arm 8 -1.11002 -1.69948 1.82018 0.280415 1.67793 0.447525 0.108733 0.0082 
prepare right_arm 8 1.76008 -1.1448 -2.25021 0.512267 -3.1299 1.25557 -2.71112 0.0082 left_arm 8 -1.11001 -1.69948 1.82017 0.279889 1.67804 0.44754 0.108733 0.0082 
release right_arm 8 1.76008 -1.1448 -2.25023 0.5122 -3.12989 1.25555 -2.71112 0.02 left_arm 8 -1.11001 -1.69948 1.82017 0.279889 1.67804 0.44754 0.108733 0.02 
depart right_arm 8 1.51068 -1.13888 -1.87143 0.773897 -2.53431 1.29696 -3.0927 0.02 left_arm 8 -1.11001 -1.69948 1.82017 0.279877 1.67805 0.447544 0.108733 0.02 
approach right_arm 8 1.9184 -1.30056 -2.20255 0.397356 -2.94329 1.34815 -2.81624 0.02 left_arm 8 -1.11001 -1.69948 1.82017 0.279875 1.67805 0.447544 0.108733 0.02 
prepare right_arm 8 1.96252 -1.26557 -2.21494 0.279239 -2.75468 1.15768 -2.92245 0.0194 left_arm 8 -1.11001 -1.69948 1.82017 0.279871 1.67805 0.447544 0.108733 0.0194 
grip right_arm 8 1.96252 -1.26557 -2.21494 0.279228 -2.75468 1.15769 -2.92245 0.0079 left_arm 8 -1.11001 -1.69948 1.82017 0.279869 1.67805 0.447544 0.108733 0.0079 
depart right_arm 8 2.44141 -0.83232 -2.90303 0.696803 -2.82414 1.20321 -3.76857 0.0079 left_arm 8 -1.11001 -1.69948 1.82018 0.278975 1.67808 0.447544 0.108733 0.0079 
approach right_arm 8 2.12409 -1.04848 -2.69389 0.444709 -3.20359 0.81751 -3.6959 0.0079 left_arm 8 -1.11001 -1.69948 1.82018 0.278971 1.67808 0.447546 0.108733 0.0079 
prepare right_arm 8 2.11156 -1.09162 -2.68791 0.375447 -3.28508 0.748564 -3.69589 0.0079 left_arm 8 -1.40245 -1.5434 2.0618 0.109655 1.64943 0.160367 -0.054076 0.0079 
prepare right_arm 8 2.11156 -1.09162 -2.68791 0.37544 -3.28508 0.748681 -3.69587 0.0079 left_arm 8 -1.40244 -1.5434 2.06209 0.109651 1.64938 0.160776 -0.0541296 0.0079 
release right_arm 8 2.11156 -1.09162 -2.68792 0.375422 -3.28508 0.748679 -3.69589 0.02 left_arm 8 -1.40244 -1.5434 2.06208 0.109655 1.6494 0.160771 -0.0541114 0.02 
depart right_arm 8 1.87868 -0.743529 -2.64138 0.74935 -3.43836 0.709391 -3.69591 0.02 left_arm 8 -1.40244 -1.51228 2.05393 0.125251 1.64443 0.221852 -0.105794 0.02 
approach right_arm 8 1.55944 -1.27045 -2.20414 0.648739 -3.0752 0.835487 -1.18232 0.02 left_arm 8 -1.34181 -1.51226 2.0276 0.312476 1.62891 0.219653 -0.105753 0.02 
prepare right_arm 8 1.58921 -1.27046 -2.21583 0.616441 -3.06787 0.799588 -1.18229 0.0197 left_arm 8 -1.34181 -1.51226 2.02761 0.312473 1.62891 0.219655 -0.105759 0.0197 
grip right_arm 8 1.58921 -1.27045 -2.21581 0.616412 -3.06792 0.800035 -1.18233 0.0083 left_arm 8 -1.34181 -1.51226 2.02767 0.312475 1.62892 0.221222 -0.105754 0.0083 
depart right_arm 8 1.5892 -1.27045 -2.21581 0.616407 -3.06791 0.800044 -1.18232 0.0083 left_arm 8 -1.3418 -1.51226 2.02766 0.312475 1.62892 0.221207 -0.105757 0.0083 
approach right_arm 8 1.65002 -1.49651 -2.23226 0.333248 -3.32882 0.56518 -1.11293 0.0083 left_arm 8 -1.09292 -2.39238 1.69318 0.549312 3.04829 1.04007 -0.367023 0.0083 
prepare right_arm 8 1.66884 -1.50856 -2.23253 0.296213 -3.31298 0.571057 -1.11293 0.0083 left_arm 8 -1.17949 -2.3922 1.66413 0.454142 3.07714 1.01973 -0.550232 0.0083 
prepare right_arm 8 1.71052 -1.45545 -2.25072 0.309627 -3.21631 0.609654 -1.17598 0.0083 left_arm 8 -1.18513 -2.39225 1.67082 0.431288 3.0786 0.965147 -0.549431 0.0083 
release right_arm 8 1.71052 -1.45544 -2.25066 0.309614 -3.21631 0.611286 -1.17594 0.02 left_arm 8 -1.18513 -2.39225 1.67085 0.431268 3.07857 0.965793 -0.549429 0.02 
depart right_arm 8 1.2595 -1.1663 -2.14512 0.962787 -3.21827 0.833729 -1.17592 0.02 left_arm 8 -1.18513 -2.39225 1.67085 0.431266 3.07858 0.965801 -0.549431 0.02 
approach right_arm 8 1.37881 -1.15976 -2.2779 0.532249 -3.15611 0.942597 -2.74187 0.02 left_arm 8 -1.12596 -2.39229 1.8732 0.766305 3.08 1.21124 -0.550681 0.02 
prepare right_arm 8 1.45174 -1.24917 -2.33291 0.376473 -3.31106 0.920731 -2.7419 0.02 left_arm 8 -1.43474 -2.39351 1.95124 0.766427 3.5253 1.72239 -2.63174 0.02 
prepare right_arm 8 1.59321 -1.14127 -2.14152 0.0762281 -1.76399 0.857033 -3.85444 0.02 left_arm 8 -1.4347 -2.39351 1.95116 0.618835 3.5253 1.72238 -2.63174 0.02 
grip right_arm 8 1.59321 -1.14127 -2.14153 0.0762262 -1.764 0.857033 -3.85444 0.0082 left_arm 8 -1.4347 -2.39351 1.95116 0.618835 3.5253 1.72238 -2.63174 0.0082 
depart right_arm 8 1.59033 -0.843168 -1.7889 0.383568 -1.3402 1.09558 -3.85444 0.0082 left_arm 8 -1.4347 -2.39351 1.95116 0.618835 3.52529 1.72237 -2.63174 0.0082 
approach right_arm 8 1.70667 -0.919169 -2.1951 0.609821 -2.79129 0.934158 -2.78769 0.0082 left_arm 8 -1.34229 -2.39351 2.14352 0.619741 3.61412 1.72237 -2.63174 0.0082 
prepare right_arm 8 1.77564 -0.968499 -2.13162 0.536256 -2.51739 1.09133 -2.92744 0.0082 left_arm 8 -1.34229 -2.39351 2.1434 0.619632 3.61411 1.72237 -2.63174 0.0082 
prepare right_arm 8 1.77564 -0.968494 -2.13159 0.536226 -2.51739 1.09134 -2.92744 0.0082 left_arm 8 -1.4249 -2.20275 1.55557 0.452136 3.17563 1.38434 -2.53851 0.0082 
prepare right_arm 8 1.77564 -0.968494 -2.1316 0.53621 -2.51739 1.09135 -2.92744 0.02 left_arm 8 -1.4249 -2.20275 1.55557 0.452136 3.17563 1.38434 -2.53851 0.02 
prepare right_arm 8 1.22643 -0.818833 -1.82059 0.850133 -2.59757 0.926499 -2.92745 0.02 left_arm 8 -1.41119 -2.11067 1.55363 0.863286 3.15696 1.69614 -2.49618 0.02 
finish right_arm 8 0.427181 -0.821338 -1.03086 1.05278 -2.24194 0.783041 -2.92713 0.02 left_arm 8 -0.887654 -2.02437 1.29686 1.18418 2.72407 1.62688 -2.49534 0.02 
