start right_arm 8 0.0609784 -2.26891 -2.25543 0.603291 0.00368815 0.688881 -0.000143231 0.022 left_arm 8 -0.258257 -2.26901 2.18464 0.643415 0.0737206 0.660694 4.19274e-05 0.0221 
point1 right_arm 8 0.281853 -2.26789 -1.86994 0.695545 -0.0386373 0.687903 -0.000101046 0.022 left_arm 8 -0.43979 -2.26901 2.05699 0.643166 0.0741213 0.612495 3.71337e-05 0.0221 
point2 right_arm 8 0.637044 -2.17055 -1.55113 0.688045 -0.0386766 0.468518 0.000383116 0.022 left_arm 8 -0.738764 -2.26898 1.86195 0.648022 0.0767923 0.374949 0.411218 0.0221 
point3 right_arm 8 0.934611 -2.14751 -1.47872 0.554032 -0.769764 0.469847 -0.0010943 0.022 left_arm 8 -1.1214 -2.21311 1.60773 0.501089 0.0765603 0.186682 0.806861 0.0221 
point4 right_arm 8 1.14719 -1.93837 -1.46507 0.360773 -0.98081 0.408474 -0.00123907 0.022 left_arm 8 -1.46776 -1.97569 1.41534 0.501353 0.180159 -0.272036 0.806865 0.0221 
point5 right_arm 8 1.3003 -1.88069 -1.57867 0.265477 -1.20714 -0.0418396 -0.0361381 0.022 left_arm 8 -1.46776 -1.97571 1.41548 0.500004 0.180161 -0.272127 0.806865 0.0221 
point6 right_arm 8 1.50233 -1.42635 -1.95054 0.169593 -0.564028 -0.515062 -0.277751 0.022 left_arm 8 -1.52924 -1.89534 1.41826 0.356986 0.18018 -0.273653 0.806861 0.0221 
point7 right_arm 8 1.54482 -1.42635 -1.89983 0.0327168 -0.513567 -0.304615 -0.277745 0.022 left_arm 8 -1.68925 -1.72063 1.46267 0.273234 0.113435 -0.785897 0.810651 0.0221 
point8 right_arm 8 1.58911 -1.44691 -1.88489 -0.0248593 -0.414897 -0.289816 -0.350184 0.022 left_arm 8 -1.75782 -1.64756 1.50811 0.164395 0.0989948 -0.789631 0.794352 0.0221 
grip/right right_arm 8 1.58911 -1.44691 -1.88489 -0.0248689 -0.414892 -0.289816 -0.350182 0.0079 left_arm 8 -1.88001 -1.46936 1.58 0.0831297 -0.330108 -1.20662 1.23072 0.0221 
point9 right_arm 8 1.51325 -1.42329 -1.85766 0.0992963 -0.414299 -0.28644 -0.350165 0.0079 left_arm 8 -1.91935 -1.42288 1.62799 0.00833761 -0.359682 -1.09625 1.22852 0.0221 
point10 right_arm 8 1.35249 -1.42238 -1.76901 0.20353 -0.38813 -0.289946 -0.34992 0.0079 left_arm 8 -2.01492 -1.4229 1.67459 -0.118269 -0.392327 -0.949855 1.20217 0.0221 
point11 right_arm 8 1.26045 -1.42232 -1.61358 0.193246 -0.176596 -0.283759 -0.348369 0.0079 left_arm 8 -2.26442 -1.42292 1.71823 -0.44887 -0.526289 -0.996609 1.28076 0.0221 
point12 right_arm 8 1.28105 -1.28651 -1.53485 0.138207 0.6716 -0.446743 -0.671254 0.0079 left_arm 8 -2.44515 -1.43284 1.75119 -0.788888 -0.749275 -1.06456 1.72071 0.0221 
point13 right_arm 8 1.42897 -1.28529 -1.34909 0.0823171 0.976807 -0.91897 -0.680504 0.0079 left_arm 8 -2.45277 -1.44993 1.75955 -0.853423 -0.774529 -0.94168 1.66834 0.0221 
point14 right_arm 8 1.42897 -1.28529 -1.34909 0.0823171 0.976804 -0.918966 -0.680501 0.0079 left_arm 8 -2.45131 -1.45781 1.75958 -0.866422 -0.774559 -0.909553 1.69414 0.0221 
grip/left right_arm 8 1.48133 -1.21445 -1.3941 -0.0224413 1.18151 -0.897161 -1.04594 0.0079 left_arm 8 -2.45131 -1.45781 1.75958 -0.866424 -0.774559 -0.909542 1.69413 0.008 
point15 right_arm 8 1.47784 -1.21446 -1.39411 -0.0709295 1.18152 -0.895203 -1.04593 0.0079 left_arm 8 -2.46089 -1.41279 1.75961 -0.784712 -0.77966 -1.04467 1.53783 0.008 
point16 right_arm 8 1.41843 -1.21439 -1.29918 -0.162422 1.51103 -0.888704 -1.31462 0.0079 left_arm 8 -2.24957 -1.40329 1.76049 -0.345202 -0.719443 -1.15137 1.25706 0.008 
point17 right_arm 8 1.53852 -1.06419 -1.37914 -0.157714 1.51875 -0.950311 -1.0112 0.0079 left_arm 8 -2.12704 -1.84343 1.39644 -0.142012 -0.116823 -1.0876 1.12524 0.008 
point18 right_arm 8 1.68121 -0.870574 -1.68535 -0.155374 1.55897 -0.839427 -0.849613 0.0079 left_arm 8 -2.19682 -2.20147 1.21415 -0.127088 0.565476 -0.884049 0.622705 0.008 
point19 right_arm 8 1.95919 -0.684877 -2.28361 -0.089877 1.38175 -0.528509 -0.434558 0.0079 left_arm 8 -2.3065 -2.26359 1.17081 -0.339424 0.986538 -0.903583 0.229291 0.008 
point20 right_arm 8 2.26112 -0.750398 -2.7894 -0.285844 1.41157 -0.259235 -0.348413 0.0079 left_arm 8 -2.30832 -2.26295 1.14355 -0.339465 0.974629 -0.847675 0.209935 0.008 
point21 right_arm 8 2.27698 -0.783017 -2.7904 -0.298325 1.3701 -0.336442 -0.344189 0.0079 left_arm 8 -2.34389 -2.26185 1.12829 -0.399118 1.07148 -0.866811 0.186226 0.008 
release/both right_arm 8 2.27698 -0.783017 -2.7904 -0.298325 1.3701 -0.336441 -0.344189 0.022 left_arm 8 -2.34381 -2.26186 1.12828 -0.400572 1.07144 -0.86681 0.186228 0.0221 
point22 right_arm 8 2.27698 -0.665904 -2.69553 -0.297964 1.50389 -0.401444 -0.49347 0.022 left_arm 8 -2.22476 -2.27512 1.28874 -0.190097 1.07131 -0.956867 0.186233 0.0221 
point23 right_arm 8 2.27699 -0.605168 -2.56257 -0.542729 1.95848 -0.66996 -0.961885 0.022 left_arm 8 -1.92669 -2.27529 1.60799 0.194199 1.07174 -0.989864 0.18625 0.0221 
