start right_arm 8 1.0739 -1.07051 -1.12685 0.684899 1.30019 -0.892741 -1.35122 0.022 left_arm 8 -0.81471 -1.32676 1.22293 0.808444 1.85637 0.980121 -1.67609 0.0221 
waypoint right_arm 8 1.83853 -0.823203 -1.70792 0.256648 1.06179 -0.591588 -1.35092 0.022 left_arm 8 -1.11152 -1.32671 1.45761 0.635357 2.68764 0.979958 -1.67609 0.0221 
waypoint right_arm 8 1.40448 -0.819908 -1.57568 0.0231572 -0.689382 0.800316 -2.12632 0.022 left_arm 8 -0.826429 -1.03854 1.24365 0.620698 1.86896 0.688396 -0.930872 0.0221 
waypoint right_arm 8 1.79812 -1.02571 -2.07399 0.344714 -1.52485 0.303851 -2.12706 0.022 left_arm 8 -1.61352 -1.03759 1.75391 -0.0854442 2.08048 0.688563 -0.930877 0.0221 
waypoint right_arm 8 2.24246 -1.39814 -2.26208 0.0541484 -2.58118 0.985961 -1.41165 0.022 left_arm 8 -1.89393 -1.12059 1.91829 -0.370144 2.17363 0.873642 -0.92715 0.0221 
prepare right_arm 8 2.34583 -1.47995 -2.28316 -0.0889691 -2.58313 1.15648 -1.37834 0.022 left_arm 8 -1.90626 -1.12057 1.90565 -0.382932 2.13995 0.901945 -0.927164 0.0221 
grip right_arm 8 2.34583 -1.47994 -2.28315 -0.0889691 -2.58313 1.15651 -1.37834 0.0083 left_arm 8 -1.90625 -1.12057 1.90565 -0.382929 2.13995 0.901943 -0.927166 0.0081 
depart right_arm 8 2.32675 -1.20229 -2.27923 0.217815 -2.36816 1.2755 -1.37836 0.0083 left_arm 8 -1.7214 -1.02998 1.69057 -0.137687 1.90627 1.03747 -0.833955 0.0081 
waypoint right_arm 8 2.35298 -0.718225 -2.3843 -0.0821333 -1.81199 0.822071 -2.9836 0.0083 left_arm 8 -1.36006 -1.00872 1.81647 0.46568 2.35034 0.951996 -2.92974 0.0081 
waypoint right_arm 8 2.71346 -1.00075 -2.47758 -0.575876 -1.81863 0.983233 -3.21469 0.0083 left_arm 8 -1.52766 -1.14508 1.96266 0.180709 2.32151 0.857257 -2.82479 0.0081 
prepare right_arm 8 2.71346 -1.00075 -2.47758 -0.575856 -1.81863 0.983237 -3.21469 0.0083 left_arm 8 -1.54784 -1.16166 1.99436 0.118743 2.33295 0.771302 -2.77625 0.0081 
release/lefeft right_arm 8 2.71307 -1.00075 -2.47761 -0.575852 -1.81863 0.98324 -3.21469 0.0083 left_arm 8 -1.54785 -1.16167 1.99452 0.11874 2.33286 0.771296 -2.77625 0.0221 
waypoint right_arm 8 2.713 -1.00076 -2.47764 -0.575848 -1.81863 0.983241 -3.21469 0.0083 left_arm 8 -1.2333 -0.943357 1.77556 0.531286 2.33141 0.771572 -2.77625 0.0221 
prepare right_arm 8 2.71299 -1.00075 -2.47766 -0.57585 -1.81863 0.983241 -3.21469 0.0083 left_arm 8 -0.79097 -1.05733 1.92994 0.522951 2.33152 0.779268 -2.77626 0.0221 
waypoint right_arm 8 2.74041 -1.27841 -2.54688 -0.731812 -1.77244 0.908754 -3.37419 0.0083 left_arm 8 -0.790971 -1.05733 1.92995 0.522948 2.33152 0.779253 -2.77626 0.0221 
prepare right_arm 8 2.74129 -1.2955 -2.59723 -0.72336 -1.85868 0.848247 -3.35281 0.0083 left_arm 8 -0.790971 -1.05733 1.92995 0.522948 2.33151 0.779253 -2.77626 0.0221 
release/right right_arm 8 2.74129 -1.29551 -2.59724 -0.72336 -1.85867 0.84826 -3.35281 0.022 left_arm 8 -0.790971 -1.05732 1.92994 0.522946 2.33151 0.779255 -2.77625 0.0221 
depart right_arm 8 2.73798 -0.934282 -2.5516 -0.359611 -1.68541 0.864611 -3.35276 0.022 left_arm 8 -0.790973 -1.05733 1.92994 0.522948 2.33151 0.779252 -2.77625 0.0221 
waypoint right_arm 8 1.77305 -0.471533 -2.01574 -0.2427 0.119071 0.693781 -3.45197 0.022 left_arm 8 -1.35911 -1.74051 1.72775 0.618896 2.96794 1.3723 -3.68535 0.0221 
prepare right_arm 8 2.85794 -0.694849 -2.89136 -0.358118 -1.33118 0.856948 -2.96828 0.022 left_arm 8 -1.48903 -1.74212 1.77026 0.313164 2.92544 1.20071 -3.73855 0.0221 
grip right_arm 8 2.76643 -0.875253 -2.93415 -0.225813 -1.80417 0.59662 -0.944348 0.0191 left_arm 8 -1.48903 -1.74212 1.77028 0.313161 2.92544 1.20071 -3.73855 0.008 
depart right_arm 8 2.75411 -1.02497 -2.93846 -0.395686 -1.8907 0.600748 -0.945145 0.0191 left_arm 8 -1.35471 -1.74211 1.72171 0.549544 2.91288 1.2651 -3.73855 0.008 
prepare right_arm 8 2.77047 -1.11624 -2.93796 -0.55613 -1.72412 0.674291 -1.07185 0.0191 left_arm 8 -1.24582 -1.28693 1.79292 0.515636 2.6441 0.924096 -3.15253 0.008 
grip right_arm 8 2.77047 -1.11624 -2.93796 -0.556125 -1.72409 0.67431 -1.07185 0.0083 left_arm 8 -1.32978 -1.28693 1.75867 0.391294 2.63646 0.922308 -2.85383 0.008 
depart right_arm 8 2.77563 -0.939807 -2.93794 -0.322778 -1.69277 0.674753 -1.07187 0.0083 left_arm 8 -1.39895 -1.28699 1.78289 0.312926 2.63642 0.92207 -2.83033 0.008 
prepare right_arm 8 2.77368 -0.726601 -2.90146 -0.359485 -1.69316 0.67477 -1.07186 0.0083 left_arm 8 -1.4653 -1.28698 1.75181 0.202442 2.50485 0.926665 -2.67008 0.008 
prepare right_arm 8 2.86846 -0.771069 -2.89338 -0.305888 -1.50382 0.77944 -0.166153 0.0083 left_arm 8 -1.48271 -1.2838 1.77215 0.18717 2.52465 0.929383 -2.71083 0.008 
release/left right_arm 8 2.87083 -0.796194 -2.90941 -0.281665 -1.5073 0.779488 -0.166153 0.0083 left_arm 8 -1.48271 -1.28381 1.77228 0.187159 2.52462 0.929397 -2.71083 0.0221 
depart right_arm 8 2.87008 -0.796184 -2.91068 -0.281719 -1.50726 0.779506 -0.166153 0.0083 left_arm 8 -1.30545 -1.28382 1.6836 0.431975 2.61415 0.929448 -2.71083 0.0221 
prepare right_arm 8 2.87971 -0.933731 -2.82382 -0.308064 -1.47571 0.871449 -0.162156 0.0083 left_arm 8 -1.36379 -1.28383 2.00525 0.579798 2.6286 0.926006 -3.71855 0.0221 
prepare right_arm 8 2.92439 -1.1098 -2.91716 -0.314063 -2.0484 1.02539 0.276718 0.0083 left_arm 8 -1.26619 -1.93467 1.826 0.54774 3.45408 0.927105 -3.71854 0.0221 
prepare right_arm 8 2.87079 -1.07752 -2.93289 -0.230707 -2.26631 0.912593 0.507955 0.0083 left_arm 8 -1.33268 -2.10732 1.83023 0.454193 3.75403 0.948948 -1.86958 0.0221 
release/right right_arm 8 2.87077 -1.07752 -2.93292 -0.230707 -2.26626 0.91261 0.507952 0.022 left_arm 8 -1.33268 -2.10732 1.83023 0.454175 3.75403 0.948959 -1.86958 0.0221 
prepare right_arm 8 2.86879 -0.896774 -2.88589 -0.128406 -2.0089 0.821636 0.507929 0.022 left_arm 8 -1.43859 -2.10726 1.59783 0.368604 3.2419 0.94937 -1.64085 0.022 
prepare right_arm 8 2.74809 -1.05803 -2.90691 -0.651928 -1.54353 0.621867 1.54765 0.022 left_arm 8 -1.56294 -2.10724 1.45524 0.298201 3.02064 1.17087 -1.26128 0.022 
grip right_arm 8 2.73455 -1.11944 -2.90812 -0.741547 -1.5347 0.566324 1.45484 0.022 left_arm 8 -1.56295 -2.10724 1.45524 0.298199 3.02064 1.17086 -1.26128 0.0083 
grip right_arm 8 2.73455 -1.11943 -2.90811 -0.741524 -1.5347 0.566331 1.45484 0.0083 left_arm 8 -1.26136 -2.10726 1.60047 0.738097 2.92888 1.26226 -1.2566 0.0083 
prepare right_arm 8 2.73817 -0.893064 -2.82181 -0.486095 -1.47035 0.69352 1.44671 0.0083 left_arm 8 -1.21113 -2.10722 1.38453 0.667087 2.93331 1.26708 0.888806 0.0083 
prepare right_arm 8 2.71113 -1.1227 -2.85361 -0.750347 -1.53288 0.576849 1.44174 0.0083 left_arm 8 -1.54928 -1.95168 1.13831 0.306357 2.54657 1.75411 1.10114 0.0083 
release right_arm 8 2.71113 -1.1227 -2.85361 -0.750349 -1.53288 0.576849 1.44174 0.022 left_arm 8 -1.54928 -1.95168 1.13832 0.306319 2.54656 1.75411 1.10114 0.0221 
prepare right_arm 8 2.48757 -0.75301 -2.8647 -0.38759 0.284044 0.482469 1.56807 0.022 left_arm 8 -1.29912 -2.05908 1.27477 0.697335 2.74983 1.53983 1.10114 0.0221 
prepare right_arm 8 2.35301 -0.969702 -2.93807 -0.44937 0.856524 0.512356 1.56801 0.022 left_arm 8 -1.55791 -2.05877 1.29183 0.453901 2.89019 1.45244 1.66405 0.0221 
prepare right_arm 8 2.37563 -1.06296 -2.93802 -0.615989 0.685893 0.650164 1.81422 0.022 left_arm 8 -1.63848 -2.05808 1.29603 0.23544 2.98378 1.29077 1.66816 0.0221 
grip right_arm 8 2.37563 -1.06295 -2.93802 -0.615989 0.685897 0.650164 1.81422 0.0083 left_arm 8 -1.63848 -2.05808 1.29602 0.235468 2.98379 1.29076 1.66816 0.0082 
depart right_arm 8 2.35655 -0.880021 -2.9154 -0.369093 0.695311 0.631188 1.81422 0.0083 left_arm 8 -1.3733 -2.11708 1.31751 0.757482 3.04901 1.51292 1.16573 0.0082 
waypoint right_arm 8 2.30833 -0.700335 -2.93898 0.313153 1.47764 0.572054 1.81389 0.0083 left_arm 8 -1.44794 -2.117 1.16492 0.622376 2.887 1.52083 1.05571 0.0082 
waypoint right_arm 8 2.54758 -1.1531 -2.64111 0.225424 3.2763 1.43689 0.804457 0.0083 left_arm 8 -1.47942 -0.496126 2.04827 0.338514 4.92613 -0.430086 0.321598 0.0082 
waypoint right_arm 8 2.54777 -1.13977 -2.53935 0.119803 3.5976 1.28282 0.554658 0.0083 left_arm 8 -2.1604 -0.525442 2.93858 0.064883 3.55127 -0.126862 1.48904 0.0082 
waypoint right_arm 8 2.51841 -0.692182 -2.81892 0.6468 3.04116 1.08619 -1.98282 0.0083 left_arm 8 -2.15708 -0.532122 2.93838 0.0304087 3.50987 -0.160879 1.47502 0.0082 
waypoint right_arm 8 2.52617 -1.0888 -2.76912 0.343346 2.98198 1.46286 1.0356 0.0083 left_arm 8 -2.15708 -0.532122 2.93838 0.0304145 3.50987 -0.160869 1.47502 0.0082 
waypoint right_arm 8 2.59032 -1.11366 -2.57845 0.100035 3.68061 1.23285 0.622625 0.0083 left_arm 8 -2.14469 -0.533566 2.92916 0.0694926 3.62697 -0.146815 1.4551 0.0082 
waypoint right_arm 8 2.5903 -1.11366 -2.57867 0.100019 3.68062 1.23354 0.622628 0.0083 left_arm 8 -2.13621 -0.548383 2.90812 0.0570712 3.69078 -0.170258 1.48438 0.0082 
waypoint right_arm 8 2.5903 -1.11367 -2.57869 0.100015 3.68062 1.23354 0.62263 0.022 left_arm 8 -2.13621 -0.548353 2.90812 0.0571038 3.69078 -0.173434 1.48439 0.0082 
waypoint2 right_arm 8 2.58954 -1.11321 -2.57788 0.253309 3.73985 1.31205 0.623709 0.022 left_arm 8 -2.1362 -0.548336 2.90817 0.0570693 3.6908 -0.173185 1.48438 0.0082 
waypoint1 right_arm 8 2.58304 -1.10915 -2.61444 0.560712 3.74188 1.5408 0.634229 0.022 left_arm 8 -2.12649 -0.510022 2.93839 0.149931 3.69839 -0.00428023 1.40139 0.0081 
waypoint2 right_arm 8 1.83092 -1.03868 -1.95705 0.354065 3.68226 1.55643 0.63376 0.022 left_arm 8 -2.12296 -0.508788 2.93833 0.151139 3.67625 0.00484887 1.40134 0.0081 
waypoint1 right_arm 8 2.64495 -1.16603 -2.59407 -0.78757 4.63613 0.685964 1.42557 0.022 left_arm 8 -2.12292 -0.511634 2.93854 0.151655 3.67664 0.0164697 1.40137 0.0081 
